epoch:0 0.2679  0.4899  0.2587  0.0000  0.2843  0.3006  0.3463  0.4633  0.4646  0.0000  0.4897  0.4998  1.8143  0.000100
epoch:1 0.4279  0.7123  0.4519  0.0000  0.3655  0.4783  0.3943  0.5537  0.5537  0.0000  0.5431  0.5971  0.7851  0.000100
epoch:2 0.4657  0.7432  0.5271  0.0000  0.4029  0.5514  0.4367  0.5796  0.5796  0.0000  0.5328  0.6432  0.6116  0.000100
epoch:3 0.5707  0.8454  0.6293  0.0000  0.4870  0.6308  0.5218  0.6682  0.6682  0.0000  0.5817  0.7320  0.5030  0.000100
epoch:4 0.6305  0.8549  0.7526  0.0000  0.5410  0.6865  0.5705  0.6984  0.6984  0.0000  0.6092  0.7612  0.4521  0.000100
epoch:5 0.6045  0.8561  0.7010  0.0000  0.5035  0.6596  0.5590  0.6990  0.6990  0.0000  0.5707  0.7675  0.4156  0.000100
epoch:6 0.5669  0.8349  0.6573  0.0000  0.4548  0.6301  0.5171  0.6583  0.6583  0.0000  0.5664  0.7065  0.3925  0.000100
epoch:7 0.6169  0.8524  0.7321  0.0000  0.5111  0.6830  0.5715  0.7114  0.7114  0.0000  0.5857  0.7798  0.3807  0.000100
epoch:8 0.5730  0.8151  0.6319  0.0000  0.4717  0.6388  0.5462  0.6693  0.6714  0.0000  0.6294  0.7078  0.3431  0.000100
epoch:9 0.5829  0.7986  0.6845  0.0067  0.4870  0.6508  0.5305  0.6649  0.6649  0.1000  0.5457  0.7302  0.3203  0.000100
epoch:10 0.6266  0.8455  0.7340  0.0000  0.5205  0.6881  0.5613  0.6961  0.6961  0.0000  0.5588  0.7582  0.3235  0.000100
epoch:11 0.6153  0.8259  0.7197  0.0000  0.5151  0.6792  0.5625  0.6939  0.6939  0.0000  0.5887  0.7579  0.3057  0.000100
epoch:12 0.6535  0.8685  0.7558  0.0000  0.5374  0.7048  0.5817  0.7283  0.7283  0.0000  0.6287  0.7696  0.2960  0.000100
epoch:13 0.5990  0.8238  0.6863  0.0000  0.5126  0.6649  0.5422  0.6724  0.6724  0.0000  0.6086  0.7298  0.2758  0.000100
epoch:14 0.5714  0.8168  0.6485  0.0000  0.5274  0.6199  0.5285  0.6335  0.6335  0.0000  0.5801  0.6886  0.2738  0.000100
epoch:15 0.6320  0.8510  0.7248  0.0000  0.5011  0.6931  0.5551  0.6966  0.6966  0.0000  0.6138  0.7390  0.2721  0.000100
epoch:16 0.6616  0.8491  0.7455  0.0000  0.5443  0.7221  0.5769  0.7235  0.7235  0.0000  0.6342  0.7632  0.2121  0.000010
epoch:17 0.6683  0.8699  0.7595  0.0000  0.5548  0.7268  0.5861  0.7271  0.7271  0.0000  0.6311  0.7718  0.1842  0.000010
epoch:18 0.6606  0.8609  0.7516  0.0000  0.5688  0.7064  0.5786  0.7220  0.7220  0.0000  0.6407  0.7600  0.1707  0.000010
epoch:19 0.6738  0.8688  0.7590  0.0000  0.5646  0.7269  0.5859  0.7295  0.7295  0.0000  0.6424  0.7680  0.1647  0.000010
epoch:20 0.6582  0.8599  0.7622  0.0000  0.5834  0.7124  0.5772  0.7194  0.7194  0.0000  0.6376  0.7581  0.1569  0.000010
epoch:21 0.6635  0.8631  0.7668  0.0000  0.5965  0.7052  0.5799  0.7229  0.7229  0.0000  0.6475  0.7583  0.1472  0.000010
epoch:22 0.6627  0.8478  0.7573  0.0000  0.5818  0.7047  0.5815  0.7232  0.7232  0.0000  0.6547  0.7591  0.1474  0.000010
epoch:23 0.6654  0.8467  0.7582  0.0000  0.5912  0.7067  0.5875  0.7296  0.7296  0.0000  0.6441  0.7654  0.1410  0.000010
epoch:24 0.6542  0.8470  0.7563  0.0000  0.5933  0.6973  0.5817  0.7272  0.7272  0.0000  0.6452  0.7629  0.1342  0.000001
epoch:25 0.6557  0.8487  0.7603  0.0000  0.5933  0.6982  0.5823  0.7257  0.7257  0.0000  0.6426  0.7627  0.1349  0.000001
epoch:26 0.6545  0.8470  0.7566  0.0000  0.6043  0.6982  0.5823  0.7266  0.7266  0.0000  0.6552  0.7625  0.1312  0.000001
epoch:27 0.6531  0.8471  0.7502  0.0000  0.6038  0.6965  0.5818  0.7239  0.7239  0.0000  0.6532  0.7603  0.1326  0.000001
epoch:28 0.6533  0.8483  0.7578  0.0000  0.5900  0.6967  0.5807  0.7229  0.7229  0.0000  0.6393  0.7609  0.1287  0.000001
epoch:29 0.6521  0.8475  0.7571  0.0000  0.5872  0.6977  0.5798  0.7233  0.7233  0.0000  0.6369  0.7621  0.1290  0.000001
