epoch:0 0.2874  0.5577  0.2436  -1.0000  0.2577  0.2945  0.2972  0.4006  0.4006  -1.0000  0.3849  0.4303  2.0982  0.000100
epoch:1 0.4294  0.7207  0.4302  -1.0000  0.4017  0.4792  0.4277  0.5548  0.5548  -1.0000  0.5384  0.6020  0.8052  0.000100
epoch:2 0.5679  0.8648  0.6700  -1.0000  0.5140  0.5595  0.4845  0.6339  0.6339  -1.0000  0.5911  0.6301  0.6058  0.000100
epoch:3 0.6107  0.8996  0.7555  -1.0000  0.5625  0.5939  0.5353  0.6870  0.6870  -1.0000  0.6444  0.6937  0.5255  0.000100
epoch:4 0.6387  0.8704  0.7716  -1.0000  0.6053  0.6609  0.5677  0.7106  0.7106  -1.0000  0.6672  0.7173  0.4718  0.000100
epoch:5 0.6202  0.8728  0.7661  -1.0000  0.5923  0.6311  0.5545  0.7014  0.7014  -1.0000  0.6713  0.7012  0.4444  0.000100
epoch:6 0.6112  0.8747  0.7598  -1.0000  0.5985  0.6436  0.5517  0.6927  0.6927  -1.0000  0.6361  0.7226  0.3927  0.000100
epoch:7 0.6361  0.8715  0.7783  -1.0000  0.6154  0.6633  0.5690  0.6975  0.6975  -1.0000  0.6631  0.7184  0.3678  0.000100
epoch:8 0.6281  0.8690  0.7557  -1.0000  0.5839  0.6547  0.5529  0.6841  0.6841  -1.0000  0.6294  0.7137  0.3467  0.000100
epoch:9 0.6270  0.8740  0.7522  -1.0000  0.5964  0.6880  0.5662  0.6937  0.6937  -1.0000  0.6577  0.7293  0.3305  0.000100
epoch:10 0.6360  0.8850  0.7642  -1.0000  0.6054  0.6108  0.5647  0.6989  0.6989  -1.0000  0.6470  0.7045  0.3167  0.000100
epoch:11 0.6375  0.8558  0.7527  -1.0000  0.6228  0.6742  0.5760  0.7033  0.7033  -1.0000  0.6676  0.7291  0.3107  0.000100
epoch:12 0.6628  0.8824  0.7660  -1.0000  0.6267  0.6850  0.5752  0.7273  0.7273  -1.0000  0.6569  0.7494  0.2909  0.000100
epoch:13 0.6508  0.8972  0.7798  -1.0000  0.5959  0.7028  0.5689  0.7118  0.7118  -1.0000  0.6284  0.7589  0.2767  0.000100
epoch:14 0.6258  0.8699  0.7176  -1.0000  0.6052  0.6559  0.5663  0.6982  0.6982  -1.0000  0.6450  0.7211  0.2655  0.000100
epoch:15 0.6403  0.8619  0.7463  -1.0000  0.6026  0.6354  0.5652  0.7228  0.7228  -1.0000  0.6337  0.7686  0.2603  0.000100
epoch:16 0.6543  0.8678  0.7686  -1.0000  0.6191  0.6930  0.5910  0.7179  0.7179  -1.0000  0.6409  0.7547  0.2115  0.000010
epoch:17 0.6550  0.8643  0.7613  -1.0000  0.6165  0.6940  0.5732  0.7179  0.7179  -1.0000  0.6348  0.7543  0.1868  0.000010
epoch:18 0.6459  0.8594  0.7589  -1.0000  0.6117  0.6843  0.5674  0.6969  0.6969  -1.0000  0.6376  0.7335  0.1732  0.000010
epoch:19 0.6494  0.8629  0.7776  -1.0000  0.6142  0.6849  0.5669  0.6963  0.6963  -1.0000  0.6364  0.7319  0.1585  0.000010
epoch:20 0.6611  0.8622  0.7762  -1.0000  0.6166  0.7070  0.5805  0.7106  0.7106  -1.0000  0.6434  0.7545  0.1548  0.000010
epoch:21 0.6619  0.8709  0.7699  -1.0000  0.6306  0.6951  0.5749  0.7177  0.7177  -1.0000  0.6537  0.7488  0.1456  0.000010
epoch:22 0.6548  0.8630  0.7698  -1.0000  0.6246  0.6904  0.5724  0.7022  0.7022  -1.0000  0.6485  0.7349  0.1392  0.000001
epoch:23 0.6627  0.8626  0.7697  -1.0000  0.6306  0.6913  0.5770  0.7069  0.7069  -1.0000  0.6537  0.7342  0.1392  0.000001
epoch:24 0.6624  0.8626  0.7694  -1.0000  0.6280  0.6944  0.5758  0.7059  0.7059  -1.0000  0.6499  0.7363  0.1372  0.000001
epoch:25 0.6594  0.8613  0.7690  -1.0000  0.6230  0.6896  0.5747  0.7049  0.7049  -1.0000  0.6461  0.7342  0.1366  0.000001
